187

6666116666 661161666 1616666161 16161. 6. 6611. 111. 161. - 1166666666
ibid. in 2. 6611. 111. 666.

(6611661666 6611611166 1161161661 : 66166. 6161. 111. 216. ej. 666666. 166.
61616. - 11116161 16 1161616666 66616. XXIX. 12. 61. 116.-116.
166. 1. 111. - Ν16616661 116666. 6. 6166166166616. 166. 6661161166-
betium: 16 Ρ1661. 66661. 6611. 111. 216. - 6166166661 16 16166611.
1666.1166 116661. XXXI. 176. idem: in 1166361161. Ac. 116661.
161112. - Bremser: 6666666176161. 117. ’166. 111. 16.-16. -
0116661 116 66661. 61 6616161. 26. - Beue 0616161 61616166161.
661666 66. 666. 26. ’166. V. 1. - mamonae: in 11161. 6. 66. 66661111.
662-066661 16 166666616666. 616661. 666666616111. 116. Fig.
66. - 61.,- 6166666161 16 1666666611. 1666. 66611. 6611. 11. 161116.
161. - 6616616νί661 111 16161616. 717.-66661116160661161. 6.
6. 11616. 6. 6666161. 6. 6. 6611666 16 166. - 1166661 ’1611116666 im
Auge. Edinburg. 1611. -116616661 1166116. 1. 67. - 61666611 116666.
6. mensem. 6661. 1v. 166. - auru: 16661. 6666611666. 666.
Χ. 11.-16.- „Finnemt in 666661. 11611616. 61666. 1116666666.
1111. 262. - Ν666616661611111661666. 66111. 1. 6. 61 11. -16666661611
16 1116166166 zeitschr. 1. 0661661661111. 116. - oropum 16 61666
6111666. 666661. xxxu. 166. ·- 11666611 1116 61666616. 62166.
11. 6.- 6. - Siebold: 16 Medic. 71611. 1616. 61166161 1616611666
Neu. 116116. 111. 126. - 6611161 1616. 1116166. - xm: 16 11661.
1616. 176. 6166161. 16 1116666666 11611. 1616. 11. 167. - auru:
161161166166616666. f. 6. 6666616116 1616166111. 1616. 166. 11161.-
11611661 16 616616. (1611666. 61611. 111. Nr. 16. - 6116611 16 6661111616 ,
161116 XXVI. 171. - Housmam: 11661 zeug. 6. 66161611. 6. 66111.
66161. 11166. 127. (de generat.) -· 0661611 16 16661. 60661161.
1612. 61616 et: 16 06616116166. med. 11666666661.1611. 11. 11. 166.
- 6666111661 16 6611661. 66616. 11616. 6. 1161611166166666116616.
166. - Pappenloeae'm: 16 Neue zeitschr. 1. 1166611611. 1611. 11. 11611.
162. (de metamorph. 6616.) -- sichel: 16 66616. 66 01111. 6616161·
gaiano 1611. 161. v. 16 0666666666 6611661161. ges. Med. xxvffl.
676. -1116616161 11161. 661. 666 1161161616. 611. - (16166161 16166-
demi d. 66. 6111611. 6. 6161116611. 1617. 16. 16611. 1. -1. - Ore-
61161 16 111666166661166. 1616. 211.

0666661666 (166161166616111 66666661. 11. 16. 61. 116166. 6161. 111. 111.
61666666. 161.

666116661661. Homo: cerebrum, 61666611, 161166 661 (116-
1161661 61 6161. 6. 6616 61 6. 1116665 16 6661616 6116166 66611 (6661-
166νί66, 666611, burrey, 61 6161166616); 666 conjunctiva 1666161
61666661).- Simia 16666 61 rubra (1161111606 S. 066666(61661·

66161 06111). - 066616616161161 6611166666] (0666611 6111611-
1616); C. sam. fricator: 66 61661166116616 61 16 661116 66666116
(116111). - Ursus 11161661 1616166666166 (11616166). - 6166 1161-

 

