188

0011001101010110118- own.- in Meam's Aroh. 1811. 111.
(81001001- (10000100 10 1001. 1. 80. 0111011. 1. 01οο10011. 1817.
18. Ι101). 11. 1. - muchart: 10 1710900100οἠ 10010. 1818. 111.-11.
100. 11. 1.- (1.

1101000000000 81001100 80000100 10 11101. 0010. 110101. 001. 1101010.
(10. d’orbigny 11. 710. 010 10 1001. 1. 80. 0110011. 10110010. 1817.
100.-101. ’101. 11. 7.

1101ιί000000υο 8100100 1101010110 110100. 10101. 11. 110. 01800000. 181.
00000100 1010001. 10001. 01 10 01000101. 00110011. Μ. Laureae,
110010, 11011001, 00010, 11000010 01 1000000001 1818. 010 10 11001. ·
1. 80. 01 1ιο11. 1. 110010. 1817. 101. 101). 11. 8. 018. 0.

1100100000000 0000010000 1101010110 1101000000. 11. maj. 1001010001.
10100011. 1111.

101100000000 0001010001010110110100. 1001. 111. 117. 101.1Χ. 1. 01.Ι
800000. 181. 01 111. - 1100000000 001. 11100000. 111. 101. 11. 17.
-11.11οι 10 1110010010 11001. 1. Phys. 11. 111. 1010. 11. - 11001-
10010110 11010110 corp. 10000. 11. Fig. 1.-1. - 110110 0110100
1110101000. 000000 01. 00010. 01 110. 1001. 1. 01 1. - 11011000
1010010. 1. 1001. 00 1100110 1811. ΧΧ1.(010)’01000.) ·- 00000010
1011 (1001. 010001. 001 0100010111. 117. fig. 17. 18. 01 ej. beet. 00
1100 comp. 0001. 11. - cesoma: in Amnon's 10110010. 1110 00101001·
0001. 111. 117. 01 111. -— 1101ιο0 11100. 000100101011100.- (110000
10 11000. 000. 1. 00. 001. 1111. 111.-117. - 11010110 10 11000 ho·
0011. 0000010. 1817. V. 111. - 11001000 10 (1100000110 10 100101. 11011-
000. 100οι. 11. Fig. 1. - 11. ·- 00001100 10 11000101 0000110000.
XXX. 118.-171. - 1100000000 Uber zong. 0110101010. 1. 000100.
000111. 11100. 118. (10 000101.) - 1100100010 110οι. 1810. 88. -
81010110 10 11001αο10 1100101. 1. 101. 11. 181. (10 00010110 10
1110000000 110010. 1811. 117. 01 10 ej. Lehtb. 1. 00001. 11001. 1. 111.
- 1101010001υο 110011). 1. 0011001. 1001. 11. 111. 117. 0181061001·
noc.) 111. 118. 01 111. (100000100001.) - 8100000 10100001000-
00100. 0011011000. 1810. 11000001. 0110 Medico-chiram. 11001000.
1811. 110. 00. 101. 111. 010 10 8010011ιο Jahrb. 1. in· 0. 0001. 110110.
1811. 10. - 0000001110·ηο Anat. 00111. cah. xxxv1. 010 10 Frortep's
800011011011111. 110. (1000100100001.) - aarum 10 letifica-chl-
rurg. 1100. 1811. 118. 010 10 1000. gbn. 10 06100. Χ. 111. - Por·
1010 10 1100. 0010. 10 001100. 1811. 100000. 010 10 11001000 Ν. 1101.
11111. 111. -1100000000 10001. 10001. 00 110 11000000 01 1100 11000
001 10111000ου0οςοι. 1811. 11. - mauley: 1100101010 1110 0000.
001. 0011000100. 01 110 more 000001 01000000 0110110. 100100 1811.
101. - 1101000 10 110110. 1000100100.1811101-Αοωο 11100.
000100 hydor. 00 0000 01010οΙ. 10 1000000. 010 101001. gener.
1811111171. 010 108010011101010010. 1. 1. 0. 0. 1101. 1811. 111. -
ohne: 000100.-ιο11000000. 1101000000. 111. 101. 1. 7.-1. - Vm:
110110. 0. 100010. 1. 81110 0. 8000000. 1. 0000011. [0001111101.

81*

 

